#configuration file
#updated 4Jan2020

LastEntry = 20000


PileUpCut/Qcut_Min = 0.8
PileUpCut/QcutT1_Min = 0.7
PileUpCut/Qcut_Max = 0.95

PIDCut/TOF_pi_Min=6
PIDCut/TOF_pi_Max=14
PIDCut/Q_pi_Min=320
PIDCut/Q_pi_Max=450


PrePileUpCut/QPre_Min=0.11
PrePileUpCut/QPos_Min=0.42

EnergyCut/Bina_E_Min=33000


# Reco stuff
RecoTest/Do = true
RecoTest/run1 = 30000
RecoTest/run2 = 45652

WC1_1/x = 0.0
WC1_1/y = 0.0
WC1_1/z = -125.261
WC1_1/a3 = 180
WC1_1/step = 2.4
WC1_1/x0 = -46.8
WC1_1/sig = 0.69282
WC1_1/t0 = -2742
WC1_1/dt = 8.69901

WC1_2/x = 0.0
WC1_2/y = 0.0
WC1_2/z = -112.548
WC1_2/a3 = 60
WC1_2/step = 2.4
WC1_2/x0 = -46.8
WC1_2/sig = 0.69282
WC1_2/t0 = -2740
WC1_2/dt = 8.83689

WC1_3/x = 0.0
WC1_3/y = 0.0
WC1_3/z = -99.835
WC1_3/a3 = -60
WC1_3/step = 2.4
WC1_3/x0 = -46.8
WC1_3/sig = 0.69282
WC1_3/t0 = -2739
WC1_3/dt = 8.6961

WC2_1/x = 0.0
WC2_1/y = 0.0
WC2_1/z = -87.122
WC2_1/a3 = 180
WC2_1/step = 2.4
WC2_1/x0 = -46.8
WC2_1/sig = 0.69282
WC2_1/t0 = -2737
WC2_1/dt = 8.46624

WC2_2/x = 0.0
WC2_2/y = 0.0
WC2_2/z = -74.409
WC2_2/a3 = 60
WC2_2/step = 2.4
WC2_2/x0 = -46.8
WC2_2/sig = 0.69282
WC2_2/t0 = -2743
WC2_2/dt = 8.64088

WC2_3/x = 0.0
WC2_3/y = 0.0
WC2_3/z = -61.696
WC2_3/a3 = -60
WC2_3/step = 2.4
WC2_3/x0 = -46.8
WC2_3/sig = 0.69282
WC2_3/t0 = -2740
WC2_3/dt = 8.5661

WC3_1/x =  0.0
WC3_1/y =  0.0
WC3_1/z = 52.581
WC3_1/a3 = 180
WC3_1/step = 4.8
WC3_1/x0 = -112.8
WC3_1/sig = 1.39
WC3_1/t0 = -374
WC3_1/dt = 9.00000

WC3_2/x =  0.0
WC3_2/y =  0.0
WC3_2/z = 56.755
WC3_2/a3 = -60
WC3_2/step = 4.8
WC3_2/x0 = -112.8
WC3_2/sig = 1.39
WC3_2/t0 = -374
WC3_2/dt = 9.00000

WC3_3/x =  0.0
WC3_3/y =  0.0
WC3_3/z = 60.929
WC3_3/a3 = 60
WC3_3/step = 4.8
WC3_3/x0 = -112.8
WC3_3/sig = 1.39
WC3_3/t0 = -371
WC3_3/dt = 9.00000

SS1_X/x = 0.0
SS1_X/y = 0.0
SS1_X/z = -23.5375
SS1_X/a3 = 0.0
SS1_X/step = 1.2
SS1_X/x0 = 0
SS1_X/sig = 0.37
SS1_X/t0 = -6542.59
SS1_X/dt = 15.8

SS1_Y/x = 0.0
SS1_Y/y = 0.0
SS1_Y/z = -20.6525
SS1_Y/a3 = 90.0
SS1_Y/step = 1.2
SS1_Y/x0 = 0
SS1_Y/sig = 0.37
SS1_Y/t0 = -6541.61
SS1_Y/dt = 15.7

SS2_X/x = 0.0
SS2_X/y = 0.0
SS2_X/z = -11.7575
SS2_X/a3 = 0.0
SS2_X/step = 1.2
SS2_X/x0 = 0
SS2_X/sig = 0.37
SS2_X/t0 = -6541.77
SS2_X/dt = 16.8

SS2_Y/x = 0.0
SS2_Y/y = 0.0
SS2_Y/z = -8.8725
SS2_Y/a3 = 90.0
SS2_Y/step = 1.2
SS2_Y/x0 = 0
SS2_Y/sig = 0.37
SS2_Y/t0 = -6541.54
SS2_Y/dt = 17.1

SS3_X/x = 0.0
SS3_X/y = 0.0
SS3_X/z = 10.640
SS3_X/a3 = 0.0
SS3_X/step = 1.2
SS3_X/x0 = 0
SS3_X/sig = 0.37
SS3_X/t0 = -4515
SS3_X/dt = 16.8

SS3_Y/x = 0.0
SS3_Y/y = 0.0
SS3_Y/z = 13.525
SS3_Y/a3 = 90.0
SS3_Y/step = 1.2
SS3_Y/x0 = 0
SS3_Y/sig = 0.37
SS3_Y/t0 = -4517
SS3_Y/dt = 16.8

Tg_Y/x 	  = 0.0
Tg_Y/y 	  = 0.0
Tg_Y/z 	  = 0.0
Tg_Y/a3	  =90.0
Tg_Y/step = 0.0
Tg_Y/x0   = 0.0
Tg_Y/sig  = 2.0
Tg_Y/t0	  = 0.0
Tg_Y/dt	  = 0.0

Tg_X/x 	  = 0.0
Tg_X/y 	  = 0.0
Tg_X/z 	  = 0.0
Tg_X/a3	  = 0.0
Tg_X/step = 0.0
Tg_X/x0   = 0.0
Tg_X/sig  = 2.0
Tg_X/t0	  = 0.0
Tg_X/dt	  = 0.0
